127451443559135321583709556092796027256159343236602
91880236969785521309514490980773255140471432614995
93247182932712604903817341880620146077688508742731
115693542069046874043534441869371731413691386430275
3283331294774081616302193589159484375250676719041678773084738031160714224773773676289191963294984587
827555860098066349318508249787871375455911473719064773923957450033045965667154363029726542265768544
1
48874750405086097775818455326043190602230365814318
2286143915091437122208344859962885435481166888333993199727271104059403436322181919669982378430992550
164426016236848672908831032593119279228806522338890
